# Created by Octave 5.2.0, Thu Aug 06 19:31:51 2020 GMT <unknown@FUAD>
# name: v
# type: matrix
# rows: 2
# columns: 5
 0.069239637105683746 0.41102763014601224 0.92911148550340872 0.30201635507699404 0.62194194513802126
 0.77018973540625357 0.21104085724507032 0.66469062581482452 0.59755709779713162 0.29314882773581991


